iter      chisq       delta/lim  lambda   a             b            
   0 2.6790000000e+03   0.00e+00  1.55e+01    5.000000e+00   1.000000e+01
   1 3.6554892817e+01  -7.23e+06  1.55e+00    1.351283e+00   4.476195e+00
   2 1.2227245332e-02  -2.99e+08  1.55e-01    1.975625e+00   1.027757e-01
   3 7.8632379731e-10  -1.55e+12  1.55e-02    1.999994e+00   2.600551e-05
   4 4.9684077561e-21  -1.58e+16  1.55e-03    2.000000e+00   6.538898e-11
   5 6.7034402054e-25  -7.41e+08  1.55e-04    2.000000e+00   3.351349e-13
   6 8.4761526544e-26  -6.91e+05  1.55e-05    2.000000e+00   2.568058e-13
   7 7.7360433531e-26  -9.57e+03  1.55e-06    2.000000e+00   1.414201e-13
   8 2.2974193358e-26  -2.37e+05  1.55e-07    2.000000e+00   1.414201e-13
   9 2.2974193358e-26   0.00e+00  1.55e-08    2.000000e+00   1.414201e-13
"C:\Users\jacin\Documents\Lab Physics\Plotinator 100000\outputs\2025-11-08_17-20-15\plot_Linear_Fit_Example\temp_plot.plt" line 13: Singular matrix in Invert_RtR

*** FIT ERROR ***
PYFIT a 1.999999999999967 0
PYFIT b 1.415615131810473e-13 0
